name: qtagger-alomobile
channels:
  - anaconda
  - conda-forge
  - defaults
dependencies:
  - bz2file=0.98=py36_0
  - pymongo=3.4.0=py36_0
  - aniso8601=1.2.0=py36_0
  - clangdev=6.0.0=default_0
  - flask-restful=0.3.6=py36_0
  - llvm-meta=6.0.0=0
  - asn1crypto=0.24.0=py36_0
  - beautifulsoup4=4.6.0=py36h72d3c9f_1
  - blas=1.0=openblas
  - boto=2.48.0=py36hdbc59ac_1
  - boto3=1.7.24=py36_0
  - botocore=1.10.24=py36_0
  - ca-certificates=2018.03.07=0
  - certifi=2018.4.16=py36_0
  - cffi=1.11.5=py36h342bebf_0
  - chardet=3.0.4=py36h96c241c_1
  - click=6.7=py36hec950be_0
  - cryptography=2.2.2=py36h1de35cc_0
  - docutils=0.14=py36hbfde631_0
  - flask=1.0.2=py36_1
  - gensim=3.4.0=py36h917ab60_0
  - icu=58.2=h4b95b61_1
  - idna=2.6=py36h8628d0a_1
  - intel-openmp=2018.0.3=0
  - itsdangerous=0.24=py36h49fbb8d_1
  - jinja2=2.10=py36hd36f9c5_0
  - jmespath=0.9.3=py36h767a2d6_0
  - libcxx=4.0.1=h579ed51_0
  - libcxxabi=4.0.1=hebd6815_0
  - libedit=3.1.20170329=hb402a30_2
  - libffi=3.2.1=h475c297_4
  - libgfortran=3.0.1=h93005f0_2
  - libiconv=1.15=hdd342a3_7
  - libopenblas=0.2.20=hdc02c5d_7
  - libxml2=2.9.8=hab757c2_1
  - libxslt=1.1.32=hb819dd2_0
  - llvmdev=6.0.0=h137f3e6_3
  - lxml=4.2.1=py36h7166777_0
  - markupsafe=1.0=py36h3a1e703_1
  - mkl=2018.0.3=1
  - ncurses=6.1=h0a44026_0
  - nltk=3.3.0=py36_0
  - numpy=1.14.3=py36he6379a5_2
  - numpy-base=1.14.3=py36h9797aa9_2
  - openblas=0.2.20=7
  - openblas-devel=0.2.20=7
  - openssl=1.0.2o=h26aff7b_0
  - pandas=0.23.0=py36h1702cab_0
  - pip=10.0.1=py36_0
  - pycparser=2.18=py36h724b2fc_1
  - pycrypto=2.6.1=py36h1de35cc_8
  - pyopenssl=18.0.0=py36_0
  - pysocks=1.6.8=py36_0
  - python=3.6.5=hc167b69_1
  - python-dateutil=2.7.3=py36_0
  - pytz=2018.4=py36_0
  - readline=7.0=hc1231fa_4
  - redis=4.0.9=h1de35cc_0
  - requests=2.18.4=py36h4516966_1
  - s3transfer=0.1.13=py36_0
  - scikit-learn=0.19.1=py36hffbff8c_0
  - scipy=1.1.0=py36hcaad992_0
  - setuptools=39.2.0=py36_0
  - six=1.11.0=py36h0e22d5e_1
  - smart_open=1.5.7=py36_0
  - sqlalchemy=1.2.8=py36h1de35cc_0
  - sqlite=3.23.1=hf1716c9_0
  - tk=8.6.7=h35a86e2_3
  - urllib3=1.22=py36h68b9469_0
  - werkzeug=0.14.1=py36_0
  - wheel=0.31.1=py36_0
  - xz=5.2.4=h1de35cc_4
  - zlib=1.2.11=hf3cbc9b_2
  - pip:
    - absl-py==0.2.2
    - astor==0.6.2
    - bleach==1.5.0
    - gast==0.2.0
    - grpcio==1.12.1
    - html5lib==0.9999999
    - markdown==2.6.11
    - protobuf==3.5.2.post1
    - tensorboard==1.8.0
    - tensorflow==1.8.0
    - termcolor==1.1.0
    - uwsgi==2.0.17
prefix: /Users/kadriansyah/anaconda3/envs/qtagger-alomobile

